arr = [ 1 0 1 1 0 1 1 1 ] 
dp = [ [ 0 2 1 ] [ 0 1 2 ] [ 0 2 1 ] [ 0 2 1 ] [ 0 1 1 ] [ 0 1 1 ] [ 0 1 0 ] [ 0 1 0 ] [ 0 0 0 ] ] 
arr = [ 1 1 1 1 0 ] 
dp = [ [ 0 2 1 ] [ 0 1 1 ] [ 0 1 0 ] [ 0 1 0 ] [ 0 0 0 ] [ 0 0 0 ] ] 
arr = [ 1 1 1 1 0 0 1 ] 
dp = [ [ 0 2 1 ] [ 0 1 1 ] [ 0 1 0 ] [ 0 1 0 ] [ 0 0 0 ] [ 0 0 0 ] [ 0 1 0 ] [ 0 0 0 ] ] 
arr = [ 1 1 1 1 1 1 ] 
dp = [ [ 0 2 2 ] [ 0 2 1 ] [ 0 2 1 ] [ 0 1 1 ] [ 0 1 0 ] [ 0 1 0 ] [ 0 0 0 ] ] 
arr = [ 1 ] 
dp = [ [ 0 1 0 ] [ 0 0 0 ] ] 
arr = [ 0 ] 
dp = [ [ 0 0 0 ] [ 0 0 0 ] ] 
Time: 0 ms
